414,180,st
409,183
407,191
418,191
420,199
417,203
412,199
408,197
401,199
399,206
398,207
391,207
391,211
377,217
383,222
388,224
397,215
396,232
399,242
407,238
406,233
418,225
419,218
427,215
439,197
439,178
442,161
437,155
433,157
432,161
433,164
430,166
424,166
425,170
427,174
427,182
427,188
419,181,sl
Region,State, Akershus,,
423, 1747
Point,City, Oslo, 600000,Norways capital#Norges hovedstad
868,153,st
881,168
885,183
882,193
870,195
848,190,sl
841,189
838,191
838,196
847,203
850,220
847,230
842,231
836,249
827,256
824,261
832,279
832,299
826,305
810,290
807,275
814,244
814,235
791,209
770,209
742,205
739,201,st
722,195
707,181
703,184
700,189
690,189
681,172,sl
Region,State, Finnmark
567,234
Point,City, Porskgrun, 10000
