614,328,st
585,334
592,352
611,343
614,352
616,368
617,378
628,379
632,372
625,368
653,350
653,342
677,320
677,288
682,253
657,271
658,296
640,281
628,294
647,312
639,319
629,309
612,324,sl
Region,State, Akershus,,
423, 1747
Point,City, Oslo, 600000,Norways capital#Norges hovedstad
868,153,st
881,168
885,183
882,193
870,195
848,190,sl
841,189
838,191
838,196
847,203
850,220
847,230
842,231
836,249
827,256
824,261
832,279
832,299
826,305
810,290
807,275
814,244
814,235
791,209
770,209
742,205
739,201,st
722,195
707,181
703,184
700,189
690,189
681,172,sl
Region,State, Finnmark
567,234
Point,City, Porskgrun, 10000
